BackEnd/app/Dataset/processed\K205480106005\20240615_111630406634.png
BackEnd/app/Dataset/processed\K205510205187\20240617_082840635740.png 157 196 343 419
BackEnd/app/Dataset/processed\K205510205187\20240617_082840635740.png 562 380 627 448
BackEnd/app/Dataset/processed\K205510205187\20240617_082812151095.png 552 379 615 448
BackEnd/app/Dataset/processed\K205510205187\20240617_082812151095.png 185 193 359 410
BackEnd/app/Dataset/processed\K205510205187\20240617_082840086528.png 150 191 338 425
BackEnd/app/Dataset/processed\K205510205187\20240617_082840086528.png 561 375 625 445
BackEnd/app/Dataset/processed\K205510205187\20240617_082840086528.png 318 368 385 438
BackEnd/app/Dataset/processed\K205510205187\20240617_082854721862.png 527 368 590 437
BackEnd/app/Dataset/processed\K205510205187\20240617_082854721862.png 124 193 313 427
BackEnd/app/Dataset/processed\K205510205187\20240617_082823640581.png 113 190 343 472
BackEnd/app/Dataset/processed\K205510205187\20240617_082823640581.png 547 366 609 438
BackEnd/app/Dataset/processed\K205510205187\20240617_082823640581.png 325 367 390 441
BackEnd/app/Dataset/processed\K205510205187\20240617_082908961768.png 127 181 302 396
BackEnd/app/Dataset/processed\K205510205187\20240617_082908961768.png 525 369 590 441
BackEnd/app/Dataset/processed\K205510205187\20240617_082851316250.png 525 371 592 444
BackEnd/app/Dataset/processed\K205510205187\20240617_082851316250.png 147 192 330 424
BackEnd/app/Dataset/processed\K205510205187\20240617_082904213687.png 138 189 323 420
BackEnd/app/Dataset/processed\K205510205187\20240617_082904213687.png 549 375 611 443
BackEnd/app/Dataset/processed\K205510205187\20240617_082904213687.png 316 365 383 434
BackEnd/app/Dataset/processed\K205510205187\20240617_082825958508.png 233 240 387 432
BackEnd/app/Dataset/processed\K205510205187\20240617_082825958508.png 532 386 589 447
BackEnd/app/Dataset/processed\K205510205187\20240617_082850484978.png 137 192 326 428
BackEnd/app/Dataset/processed\K205510205187\20240617_082850484978.png 525 366 589 439
BackEnd/app/Dataset/processed\K205510205187\20240617_082814485288.png 156 184 332 395
BackEnd/app/Dataset/processed\K205510205187\20240617_082814485288.png 522 379 584 446
BackEnd/app/Dataset/processed\K205510205187\20240617_082852774617.png 534 365 598 439
BackEnd/app/Dataset/processed\K205510205187\20240617_082852774617.png 143 199 332 437
BackEnd/app/Dataset/processed\K205510205187\20240617_082810722817.png 156 184 333 400
BackEnd/app/Dataset/processed\K205510205187\20240617_082810722817.png 564 380 627 446
BackEnd/app/Dataset/processed\K205510205187\20240617_082817315325.png 147 199 319 414
BackEnd/app/Dataset/processed\K205510205187\20240617_082817315325.png 517 380 576 446
BackEnd/app/Dataset/processed\K205510205187\20240617_082842002079.png 148 189 335 424
BackEnd/app/Dataset/processed\K205510205187\20240617_082858917776.png 163 187 348 415
BackEnd/app/Dataset/processed\K205510205187\20240617_082858917776.png 536 379 598 446
BackEnd/app/Dataset/processed\K205510205187\20240617_082831629717.png 151 191 320 402
BackEnd/app/Dataset/processed\K205510205187\20240617_082831629717.png 317 367 385 440
BackEnd/app/Dataset/processed\K205510205187\20240617_082831629717.png 499 381 562 447
BackEnd/app/Dataset/processed\K205510205187\20240617_082825092343.png 550 369 613 440
BackEnd/app/Dataset/processed\K205510205187\20240617_082825092343.png 182 224 336 413
BackEnd/app/Dataset/processed\K205510205187\20240617_082825092343.png 331 374 400 447
BackEnd/app/Dataset/processed\K205510205187\20240617_082805128165.png 173 236 344 431
BackEnd/app/Dataset/processed\K205510205187\20240617_082805128165.png 539 382 601 449
BackEnd/app/Dataset/processed\K205510205187\20240617_082910413217.png 164 199 350 429
BackEnd/app/Dataset/processed\K205510205187\20240617_082910413217.png 523 381 589 448
BackEnd/app/Dataset/processed\K205510205187\20240617_082858366526.png 170 190 357 416
BackEnd/app/Dataset/processed\K205510205187\20240617_082858366526.png 531 380 594 450
BackEnd/app/Dataset/processed\K205510205187\20240617_082837258886.png 145 179 335 415
BackEnd/app/Dataset/processed\K205510205187\20240617_082837258886.png 544 391 610 459
BackEnd/app/Dataset/processed\K205510205187\20240617_082837258886.png 313 365 385 441
BackEnd/app/Dataset/processed\K205510205187\20240617_082815925931.png 520 382 583 448
BackEnd/app/Dataset/processed\K205510205187\20240617_082815925931.png 155 201 335 422
BackEnd/app/Dataset/processed\K205510205187\20240617_082804252452.png 537 383 600 450
BackEnd/app/Dataset/processed\K205510205187\20240617_082804252452.png 204 242 375 442
BackEnd/app/Dataset/processed\K205510205187\20240617_082821607350.png 130 176 307 396
BackEnd/app/Dataset/processed\K205510205187\20240617_082821607350.png 535 380 599 447
BackEnd/app/Dataset/processed\K205510205187\20240617_082821607350.png 327 367 392 438
BackEnd/app/Dataset/processed\K205510205187\20240617_082906197615.png 149 201 328 419
BackEnd/app/Dataset/processed\K205510205187\20240617_082906197615.png 529 366 592 436
BackEnd/app/Dataset/processed\K205510205187\20240617_082856975587.png 141 184 324 415
BackEnd/app/Dataset/processed\K205510205187\20240617_082856975587.png 531 380 593 447
BackEnd/app/Dataset/processed\K205510205187\20240617_082900354171.png 148 193 334 425
BackEnd/app/Dataset/processed\K205510205187\20240617_082900354171.png 561 378 622 445
BackEnd/app/Dataset/processed\K205510205187\20240617_082912628673.png 143 195 327 428
BackEnd/app/Dataset/processed\K205510205187\20240617_082912628673.png 528 383 593 450
BackEnd/app/Dataset/processed\K205510205187\20240617_082844290893.png 152 188 346 425
BackEnd/app/Dataset/processed\K205510205187\20240617_082820757230.png 167 188 315 366
BackEnd/app/Dataset/processed\K205510205187\20240617_082820757230.png 536 379 598 447
BackEnd/app/Dataset/processed\K205510205187\20240617_082820757230.png 338 369 405 444
BackEnd/app/Dataset/processed\K205510205187\20240617_082828022993.png 155 205 323 421
BackEnd/app/Dataset/processed\K205510205187\20240617_082828022993.png 531 368 593 437
BackEnd/app/Dataset/processed\K205510205187\20240617_082836423958.png 146 184 336 418
BackEnd/app/Dataset/processed\K205510205187\20240617_082836423958.png 543 389 601 450
BackEnd/app/Dataset/processed\K205510205187\20240617_082836423958.png 312 365 383 441
BackEnd/app/Dataset/processed\K205510205187\20240617_082846175973.png 542 367 606 438
BackEnd/app/Dataset/processed\K205510205187\20240617_082846175973.png 156 184 332 408
BackEnd/app/Dataset/processed\K205510205187\20240617_082807284586.png 561 381 623 448
BackEnd/app/Dataset/processed\K205510205187\20240617_082807284586.png 183 177 337 333
BackEnd/app/Dataset/processed\K205510205187\20240617_082800345848.png
BackEnd/app/Dataset/processed\K205510205187\20240617_082905671649.png 132 201 320 433
BackEnd/app/Dataset/processed\K205510205187\20240617_082905671649.png 533 378 596 445
BackEnd/app/Dataset/processed\K205510205187\20240617_082830239776.png 147 196 325 418
BackEnd/app/Dataset/processed\K205510205187\20240617_082830239776.png 511 372 574 440
BackEnd/app/Dataset/processed\K205510205187\20240617_082830239776.png 315 367 384 441
BackEnd/app/Dataset/processed\K205510205187\20240617_082827343116.png 543 368 603 439
BackEnd/app/Dataset/processed\K205510205187\20240617_082827343116.png 151 203 320 415
BackEnd/app/Dataset/processed\K205510205187\20240617_082827343116.png 312 365 379 439
BackEnd/app/Dataset/processed\K205510205187\20240617_082903380723.png 138 190 325 422
BackEnd/app/Dataset/processed\K205510205187\20240617_082903380723.png 551 375 613 442
BackEnd/app/Dataset/processed\K205510205187\20240617_082911251973.png 158 199 341 427
BackEnd/app/Dataset/processed\K205510205187\20240617_082911251973.png 525 379 589 447
BackEnd/app/Dataset/processed\K205510205187\20240617_082911251973.png 319 371 389 444
BackEnd/app/Dataset/processed\K205510205187\20240617_082854189962.png 526 364 589 435
BackEnd/app/Dataset/processed\K205510205187\20240617_082854189962.png 127 191 314 421
BackEnd/app/Dataset/processed\K205510205187\20240617_082907037994.png 171 201 354 424
BackEnd/app/Dataset/processed\K205510205187\20240617_082907037994.png 520 361 584 429
BackEnd/app/Dataset/processed\K205510205187\20240617_082803668051.png 206 171 364 356
BackEnd/app/Dataset/processed\K205510205187\20240617_082803668051.png 539 382 601 450
BackEnd/app/Dataset/processed\K205510205187\20240617_082820211826.png 531 376 595 445
BackEnd/app/Dataset/processed\K205510205187\20240617_082820211826.png 157 204 317 399
BackEnd/app/Dataset/processed\K205510205187\20240617_082838723008.png 149 179 336 409
BackEnd/app/Dataset/processed\K205510205187\20240617_082838723008.png 315 367 384 439
BackEnd/app/Dataset/processed\K205510205187\20240617_082842916198.png 156 188 346 425
BackEnd/app/Dataset/processed\K205510205187\20240617_082837841386.png 150 184 332 413
BackEnd/app/Dataset/processed\K205510205187\20240617_082837841386.png 310 364 381 439
BackEnd/app/Dataset/processed\K205510205187\20240617_082833124481.png 149 181 310 381
BackEnd/app/Dataset/processed\K205510205187\20240617_082833124481.png 512 384 574 453
BackEnd/app/Dataset/processed\K205510205187\20240617_082834522256.png 143 179 326 409
BackEnd/app/Dataset/processed\K205510205187\20240617_082834522256.png 526 384 587 446
BackEnd/app/Dataset/processed\K205510205187\20240617_082847717920.png 156 207 339 432
BackEnd/app/Dataset/processed\K205510205187\20240617_082847717920.png 501 369 567 440
BackEnd/app/Dataset/processed\K205510205187\20240617_082818829493.png 159 199 333 415
BackEnd/app/Dataset/processed\K205510205187\20240617_082818829493.png 515 384 577 449
BackEnd/app/Dataset/processed\K205510205187\20240617_082801353367.png 177 191 354 414
BackEnd/app/Dataset/processed\K205510205187\20240617_082801353367.png 541 378 603 446
BackEnd/app/Dataset/processed\K205510205187\20240617_082801353367.png 316 368 381 435
BackEnd/app/Dataset/processed\K205510205187\20240617_082845652148.png 559 372 621 440
BackEnd/app/Dataset/processed\K205510205187\20240617_082845652148.png 156 183 341 417
BackEnd/app/Dataset/processed\K205510205187\20240617_082828855754.png 537 373 597 441
BackEnd/app/Dataset/processed\K205510205187\20240617_082828855754.png 151 204 321 412
BackEnd/app/Dataset/processed\K205510205187\20240617_082828855754.png 318 369 392 445
BackEnd/app/Dataset/processed\K205510205187\20240617_082829412607.png 145 199 322 420
BackEnd/app/Dataset/processed\K205510205187\20240617_082829412607.png 519 373 583 441
BackEnd/app/Dataset/processed\K205510205187\20240617_082829412607.png 318 368 387 443
BackEnd/app/Dataset/processed\K205510205187\20240617_082902807179.png 146 193 327 421
BackEnd/app/Dataset/processed\K205510205187\20240617_082902807179.png 549 377 611 445
BackEnd/app/Dataset/processed\K205510205187\20240617_082902807179.png 314 363 381 432
BackEnd/app/Dataset/processed\K205510205187\20240617_082904738370.png 542 377 606 446
BackEnd/app/Dataset/processed\K205510205187\20240617_082904738370.png 142 193 322 419
BackEnd/app/Dataset/processed\K205510205187\20240617_082909862242.png 146 191 327 420
BackEnd/app/Dataset/processed\K205510205187\20240617_082909862242.png 522 380 586 447
BackEnd/app/Dataset/processed\K205510205187\20240617_082851841575.png 139 202 331 438
BackEnd/app/Dataset/processed\K205510205187\20240617_082851841575.png 528 372 594 443
BackEnd/app/Dataset/processed\K205510205187\20240617_082847018774.png 153 197 337 422
BackEnd/app/Dataset/processed\K205510205187\20240617_082847018774.png 506 369 572 440
BackEnd/app/Dataset/processed\K205510205187\20240617_082813028293.png 169 188 346 410
BackEnd/app/Dataset/processed\K205510205187\20240617_082813028293.png 541 380 603 448
BackEnd/app/Dataset/processed\K205510205187\20240617_082907562693.png 147 185 327 415
BackEnd/app/Dataset/processed\K205510205187\20240617_082907562693.png 539 365 605 438
BackEnd/app/Dataset/processed\K205510205187\20240617_082810099169.png 161 196 335 410
BackEnd/app/Dataset/processed\K205510205187\20240617_082810099169.png 561 379 622 446
BackEnd/app/Dataset/processed\K205510205187\20240617_082853333664.png 131 188 320 424
BackEnd/app/Dataset/processed\K205510205187\20240617_082853333664.png 528 367 591 438
BackEnd/app/Dataset/processed\K205510205187\20240617_082839260284.png 159 183 343 408
BackEnd/app/Dataset/processed\K205510205187\20240617_082839260284.png 570 368 632 440
BackEnd/app/Dataset/processed\K205510205187\20240617_082839260284.png 314 364 385 439
BackEnd/app/Dataset/processed\K205510205187\20240617_082859772533.png 153 181 338 411
BackEnd/app/Dataset/processed\K205510205187\20240617_082859772533.png 549 378 611 445
BackEnd/app/Dataset/processed\K205510205187\20240617_082813642641.png 156 219 334 432
BackEnd/app/Dataset/processed\K205510205187\20240617_082813642641.png 524 381 587 447
BackEnd/app/Dataset/processed\K205510205187\20240617_082849935130.png 533 363 597 434
BackEnd/app/Dataset/processed\K205510205187\20240617_082849935130.png 147 191 333 421
BackEnd/app/Dataset/processed\K205510205187\20240617_082901220542.png 549 377 611 447
BackEnd/app/Dataset/processed\K205510205187\20240617_082901220542.png 153 195 336 423
BackEnd/app/Dataset/processed\K205510205187\20240617_082855620251.png 129 184 316 413
BackEnd/app/Dataset/processed\K205510205187\20240617_082855620251.png 533 376 596 446
BackEnd/app/Dataset/processed\K205510205187\20240617_082823091201.png 114 198 364 480
BackEnd/app/Dataset/processed\K205510205187\20240617_082823091201.png 554 375 614 448
BackEnd/app/Dataset/processed\K205510205187\20240617_082823091201.png 333 375 394 441
BackEnd/app/Dataset/processed\K205510205187\20240617_082843435186.png 142 188 339 431
BackEnd/app/Dataset/processed\K205510205187\20240617_082913177977.png 139 195 321 427
BackEnd/app/Dataset/processed\K205510205187\20240617_082913177977.png 527 383 591 451
BackEnd/app/Dataset/processed\K205510205187\20240617_082802814143.png 167 172 325 352
BackEnd/app/Dataset/processed\K205510205187\20240617_082802814143.png 540 381 602 448
BackEnd/app/Dataset/processed\K205510205187\20240617_082901915288.png 544 378 606 446
BackEnd/app/Dataset/processed\K205510205187\20240617_082901915288.png 150 194 336 425
BackEnd/app/Dataset/processed\K205510205187\20240617_082911778290.png 148 199 330 434
BackEnd/app/Dataset/processed\K205510205187\20240617_082911778290.png 526 384 591 452
BackEnd/app/Dataset/processed\K205510205187\20240617_082835904210.png 152 183 342 420
BackEnd/app/Dataset/processed\K205510205187\20240617_082835904210.png 529 374 588 444
BackEnd/app/Dataset/processed\K205510205187\20240617_082848568821.png 534 365 597 437
BackEnd/app/Dataset/processed\K205510205187\20240617_082848568821.png 163 190 350 421
BackEnd/app/Dataset/processed\K205510205187\20240617_082857531835.png 178 184 357 411
BackEnd/app/Dataset/processed\K205510205187\20240617_082857531835.png 532 381 594 450
BackEnd/app/Dataset/processed\K205510205187\20240617_082819346792.png 154 211 328 422
BackEnd/app/Dataset/processed\K205510205187\20240617_082819346792.png 521 377 579 444
BackEnd/app/Dataset/processed\K205510205187\20240617_082841468827.png 139 190 322 415
BackEnd/app/Dataset/processed\K205510205187\20240617_082841468827.png 562 383 624 448
BackEnd/app/Dataset/processed\K205510205187\20240617_082802219435.png 171 189 359 423
BackEnd/app/Dataset/processed\K205510205187\20240617_082802219435.png 537 379 600 447
BackEnd/app/Dataset/processed\K205510205187\20240617_082802219435.png 310 364 377 437
BackEnd/app/Dataset/processed\K205510205187\20240617_082811593048.png 179 189 349 403
BackEnd/app/Dataset/processed\K205510205187\20240617_082811593048.png 558 382 620 448
BackEnd/app/Dataset/processed\K205510205187\20240617_082811593048.png 321 372 382 437
BackEnd/app/Dataset/processed\K205510205187\20240617_082908420471.png 131 175 304 380
BackEnd/app/Dataset/processed\K205510205187\20240617_082908420471.png 537 362 608 440
BackEnd/app/Dataset/processed\K205510205187\20240617_082835045493.png 155 181 354 436
BackEnd/app/Dataset/processed\K205510205187\20240617_082835045493.png 500 380 567 451
BackEnd/app/Dataset/processed\K205510205187\20240617_082822260902.png 113 190 354 480
BackEnd/app/Dataset/processed\K205510205187\20240617_082822260902.png 330 371 393 440
BackEnd/app/Dataset/processed\K205510205187\20240617_082822260902.png 535 390 598 455
BackEnd/app/Dataset/processed\K205510205187\20240617_082816452780.png 144 196 313 413
BackEnd/app/Dataset/processed\K205510205187\20240617_082816452780.png 517 378 577 447
BackEnd/app/Dataset/processed\K205510205187\20240617_082806694475.png 140 173 295 350
BackEnd/app/Dataset/processed\K205510205187\20240617_082806694475.png 556 386 618 454
BackEnd/app/Dataset/processed\K205510205187\20240617_082826490245.png 152 205 322 417
BackEnd/app/Dataset/processed\K205510205187\20240617_082826490245.png 523 371 585 440
BackEnd/app/Dataset/processed\K205510205187\20240617_082844810016.png 156 187 345 426
BackEnd/app/Dataset/processed\K205510205187\20240617_082844810016.png 582 380 640 446
BackEnd/app/Dataset/processed\K205510205187\20240617_082805751277.png 129 186 296 390
BackEnd/app/Dataset/processed\K205510205187\20240617_082805751277.png 538 384 599 450
BackEnd/app/Dataset/processed\K205510205187\20240617_082805751277.png 312 364 379 436
BackEnd/app/Dataset/processed\K205510205187\20240617_082856140325.png 110 189 297 421
BackEnd/app/Dataset/processed\K205510205187\20240617_082856140325.png 530 381 593 449
BackEnd/app/Dataset/processed\K205510205187\20240617_082824573396.png 153 216 323 414
BackEnd/app/Dataset/processed\K205510205187\20240617_082824573396.png 537 373 599 441
BackEnd/app/Dataset/processed\K205510205187\20240617_082824573396.png 333 373 400 445
BackEnd/app/Dataset/processed\K205510205187\20240617_082830771449.png 148 201 325 422
BackEnd/app/Dataset/processed\K205510205187\20240617_082830771449.png 317 367 384 438
BackEnd/app/Dataset/processed\K205510205187\20240617_082830771449.png 503 371 566 438
BackEnd/app/Dataset/processed\K205510205187\20240617_082815067499.png 167 178 335 383
BackEnd/app/Dataset/processed\K205510205187\20240617_082815067499.png 520 382 581 448
BackEnd/app/Dataset/processed\K205510205187\20240617_082815067499.png 321 369 384 438
BackEnd/app/Dataset/processed\K205510205187\20240617_082849092089.png 166 192 351 418
BackEnd/app/Dataset/processed\K205510205187\20240617_082849092089.png 541 369 604 440
BackEnd/app/Dataset/processed\K205510205187\20240617_082832162437.png 145 180 302 376
BackEnd/app/Dataset/processed\K205510205187\20240617_082832162437.png 506 370 566 438
BackEnd/app/Dataset/processed\K205510205187\20240617_082833662188.png 147 162 317 365
BackEnd/app/Dataset/processed\K205510205187\20240617_082833662188.png 527 376 583 441
BackEnd/app/Dataset/processed\K205510205187\20240617_082817966431.png 155 205 325 412
BackEnd/app/Dataset/processed\K205510205187\20240617_082817966431.png 507 388 575 453
